%YAML:1.0
M: !!opencv-matrix
   rows: 3
   cols: 3
   dt: d
   data: [ 4.6560272880827068e+02, 0., 3.1950000000000000e+02, 0.,
       4.6560277404538488e+02, 1.7950000000000000e+02, 0., 0., 1. ]
D: !!opencv-matrix
   rows: 1
   cols: 8
   dt: d
   data: [ 2.7950342689492171e-02, -3.6765741762306731e-01,
       1.1736490918015489e-03, -1.4474939786625442e-03,
       1.6282485272205555e-01, -2.8608986303107240e-02,
       -2.1620263828423211e-01, 8.1117265984797279e-02 ]
R: !!opencv-matrix
   rows: 3
   cols: 1
   dt: d
   data: [ 1.8082032149133547e+00, -1.9911352072114092e+00,
       -4.1374424123547365e-01 ]
T: !!opencv-matrix
   rows: 3
   cols: 1
   dt: d
   data: [ 3.7482552618540175e+00, 3.0041076301817311e+00,
       1.7474832252559914e+01 ]
