%YAML:1.0
M: !!opencv-matrix
   rows: 3
   cols: 3
   dt: d
   data: [ 4.6560272880827068e+02, 0., 3.1950000000000000e+02, 0.,
       4.6560277404538488e+02, 1.7950000000000000e+02, 0., 0., 1. ]
D: !!opencv-matrix
   rows: 1
   cols: 8
   dt: d
   data: [ 2.7950342689492171e-02, -3.6765741762306731e-01,
       1.1736490918015489e-03, -1.4474939786625442e-03,
       1.6282485272205555e-01, -2.8608986303107240e-02,
       -2.1620263828423211e-01, 8.1117265984797279e-02 ]
R: !!opencv-matrix
   rows: 3
   cols: 1
   dt: d
   data: [ -1.6803528246764508e+00, 1.8486510995477790e+00,
       -6.0963295463281975e-01 ]
T: !!opencv-matrix
   rows: 3
   cols: 1
   dt: d
   data: [ 1.6110365339404058e+00, 3.9130386795446963e+00,
       2.6788698812207748e+01 ]
