%YAML:1.0
M: !!opencv-matrix
   rows: 3
   cols: 3
   dt: d
   data: [ 4.6560272880827068e+02, 0., 3.1950000000000000e+02, 0.,
       4.6560277404538488e+02, 1.7950000000000000e+02, 0., 0., 1. ]
D: !!opencv-matrix
   rows: 1
   cols: 8
   dt: d
   data: [ 2.7950342689492171e-02, -3.6765741762306731e-01,
       1.1736490918015489e-03, -1.4474939786625442e-03,
       1.6282485272205555e-01, -2.8608986303107240e-02,
       -2.1620263828423211e-01, 8.1117265984797279e-02 ]
R: !!opencv-matrix
   rows: 3
   cols: 1
   dt: d
   data: [ -1.9586713916089180e+00, 1.8332775275087143e+00,
       -5.0193312913590937e-01 ]
T: !!opencv-matrix
   rows: 3
   cols: 1
   dt: d
   data: [ 4.3594817132684166e-01, 1.0777152204751137e+00,
       2.1388935920850297e+01 ]
